% d = ;
% n = ;
% k_up = ;
% beta = ;
error = 0.3;

comparison(512,10000,30,[4,16,16,16,32,32,64,64,128,128,128,128,128,256,256,256,256,256,512,512,512,512,512,512,512,512,512,512,512],error);