% d = ;
% n = ;
% k_up = ;
% beta = ;
error = 0.4;

comparison(512,5000,30,[4,8,16,16,32,32,64,64,128,128,128,128,128,256,256,256,256,256,512,512,512,512,512,512,512,512,512,512,512],error);

%comparison(128,5000,20,[4,8,16,16,32,32,64,64,128,128,128,128,128,128,128,128,128,128,128],error);