% d = ;
% n = ;
% k_up = ;
% beta = ;
error = 0.4;

comparison(64,10000,15,[4,16,16,16,32,32,64,64,64,64,64,64,64,64],error);